168
16
10
1 1 1 1 1 1 1 1 1 1 1 1 1 1 1 1 1 1 1 1 1 1 1 1 1 1 1 1 1 1 1 1 1 1 1 1 1 1 1 1 1 1 1 1 1 1 1 1 1 1 1 1 1 1 1 1 1 1 1 1 1 1 1 1 1 1 1 1 1 1 1 1 1 1 1 1 1 1 1 1 1 1 1 1 1 1 1 1 1 1 1 1 1 2 3 4 6 8 10 13 16 19 22 25 28 30 31 31 31 30 28 26 23 20 17 14 11 9 6 5 3 2 1 1 1 1 1 1 1 1 1 1 1 1 1 1 1 1 1 1 1 1 1 1 1 1 1 1 1 1 1 1 1 1 1 1 1 1 1 1 1 1 1 1 1 1 1 1
1 1 1 1 1 1 1 1 1 1 1 1 1 1 1 1 1 1 1 1 1 1 1 1 1 1 1 1 1 1 1 1 1 1 1 1 1 1 1 1 1 1 1 1 1 1 1 1 1 1 1 1 1 1 1 2 3 5 7 9 11 14 17 20 23 25 28 29 30 31 30 29 27 25 22 19 17 14 11 9 7 5 3 2 2 1 1 1 1 1 1 1 1 1 1 1 1 1 1 1 1 1 1 1 1 1 1 1 1 1 1 1 1 1 1 1 1 1 1 1 1 1 1 1 1 1 1 1 1 1 1 1 1 1 1 1 1 1 1 1 1 1 1 1 1 1 1 1 1 1 1 1 1 1 1 1 1 1 1 1 1 1 1 1 1 1 1 1
1 1 1 1 1 1 1 1 1 1 1 1 1 1 1 1 1 1 1 1 1 1 1 1 1 1 1 1 1 1 1 1 1 1 1 1 1 1 1 1 1 1 1 1 1 1 1 1 1 1 1 1 1 1 1 1 1 1 1 1 1 1 1 1 1 2 3 4 6 8 10 13 16 19 21 24 26 28 30 30 30 29 28 26 23 21 18 15 12 10 8 6 4 3 2 1 1 1 1 1 1 1 1 1 1 1 1 1 1 1 1 1 1 1 1 1 1 1 1 1 1 1 1 1 1 1 1 1 1 1 1 1 1 1 1 1 1 1 1 1 1 1 1 1 1 1 1 1 1 1 1 1 1 1 1 1 1 1 1 1 1 1 1 1 1 1 1 1
1 1 1 1 1 1 1 1 1 1 1 1 1 1 1 1 1 1 1 1 1 1 1 1 1 1 1 1 1 1 1 1 1 1 1 1 1 1 1 1 1 1 1 1 1 1 1 1 1 1 1 1 1 1 2 3 5 7 9 11 14 17 20 23 26 28 30 31 31 30 29 27 25 22 19 16 13 11 8 6 5 3 2 1 1 1 1 1 1 1 1 1 1 1 1 1 1 1 1 1 1 1 1 1 1 1 1 1 1 1 1 1 1 1 1 1 1 1 1 1 1 1 1 1 1 1 1 1 1 1 1 1 1 1 1 1 1 1 1 1 1 1 1 1 1 1 1 1 1 1 1 1 1 1 1 1 1 1 1 1 1 1 1 1 1 1 1 1
1 1 1 1 1 1 1 1 1 1 1 1 1 1 1 1 1 1 1 1 1 1 1 1 1 1 1 1 1 1 1 1 1 1 1 1 1 1 1 1 1 1 1 1 1 1 1 1 1 1 1 1 1 1 1 1 1 1 1 1 1 1 1 1 1 1 1 1 1 1 2 3 5 6 8 11 13 16 19 22 24 27 29 30 30 30 29 27 25 23 20 17 14 12 9 7 5 4 3 2 1 1 1 1 1 1 1 1 1 1 1 1 1 1 1 1 1 1 1 1 1 1 1 1 1 1 1 1 1 1 1 1 1 1 1 1 1 1 1 1 1 1 1 1 1 1 1 1 1 1 1 1 1 1 1 1 1 1 1 1 1 1 1 1 1 1 1 1
1 1 1 1 1 1 1 1 1 1 1 1 1 1 1 1 1 1 1 1 1 1 1 1 1 1 1 1 1 1 1 1 1 1 1 1 1 1 1 1 1 1 1 1 2 3 5 6 9 11 14 17 21 24 27 29 31 32 32 31 30 27 25 22 19 16 13 10 8 6 4 3 2 1 1 1 1 1 1 1 1 1 1 1 1 1 1 1 1 1 1 1 1 1 1 1 1 1 1 1 1 1 1 1 1 1 1 1 1 1 1 1 1 1 1 1 1 1 1 1 1 1 1 1 1 1 1 1 1 1 1 1 1 1 1 1 1 1 1 1 1 1 1 1 1 1 1 1 1 1 1 1 1 1 1 1 1 1 1 1 1 1 1 1 1 1 1 1
1 1 1 1 1 1 1 1 1 1 1 1 1 1 1 1 1 1 1 1 1 1 1 1 1 1 1 1 1 1 1 1 1 1 1 1 1 1 1 1 1 1 1 1 1 1 1 1 1 1 1 1 1 1 1 1 1 1 1 1 1 1 1 2 3 4 5 7 9 12 14 17 20 23 26 28 29 30 30 30 29 27 24 22 19 16 13 11 8 6 5 3 2 1 1 1 1 1 1 1 1 1 1 1 1 1 1 1 1 1 1 1 1 1 1 1 1 1 1 1 1 1 1 1 1 1 1 1 1 1 1 1 1 1 1 1 1 1 1 1 1 1 1 1 1 1 1 1 1 1 1 1 1 1 1 1 1 1 1 1 1 1 1 1 1 1 1 1
1 1 1 1 1 1 1 1 1 1 1 1 1 1 1 1 1 1 1 1 1 1 1 1 1 1 1 1 1 1 1 1 1 1 1 1 1 1 1 1 1 1 1 1 1 1 1 1 1 2 3 5 7 9 11 14 17 20 23 26 28 30 31 31 31 29 27 25 22 19 16 13 10 8 6 4 3 2 1 1 1 1 1 1 1 1 1 1 1 1 1 1 1 1 1 1 1 1 1 1 1 1 1 1 1 1 1 1 1 1 1 1 1 1 1 1 1 1 1 1 1 1 1 1 1 1 1 1 1 1 1 1 1 1 1 1 1 1 1 1 1 1 1 1 1 1 1 1 1 1 1 1 1 1 1 1 1 1 1 1 1 1 1 1 1 1 1 1
1 1 1 1 1 1 1 1 1 1 1 1 1 1 1 1 1 1 1 1 1 1 1 1 1 1 1 1 1 1 1 1 1 1 1 1 1 1 1 1 1 1 1 1 1 1 1 1 1 1 1 1 1 1 1 1 1 1 1 1 1 1 1 1 1 1 1 1 1 1 1 1 1 1 1 1 1 1 1 2 2 4 5 7 9 11 14 16 19 22 25 27 29 30 30 30 29 27 25 23 20 17 14 11 9 7 5 4 2 2 1 1 1 1 1 1 1 1 1 1 1 1 1 1 1 1 1 1 1 1 1 1 1 1 1 1 1 1 1 1 1 1 1 1 1 1 1 1 1 1 1 1 1 1 1 1 1 1 1 1 1 1 1 1 1 1 1 1
1 1 1 1 1 1 1 1 1 1 1 1 1 1 1 1 1 1 1 1 1 1 1 1 1 1 1 1 1 1 1 1 1 1 1 1 1 1 1 1 1 1 1 1 1 1 1 1 1 1 1 1 1 1 1 1 1 1 1 1 1 1 1 1 1 1 1 1 1 1 1 1 1 1 1 1 1 1 1 1 1 1 1 1 1 1 1 1 1 1 1 1 1 1 1 1 1 1 1 1 1 1 1 1 1 1 1 1 1 1 1 1 1 1 1 1 1 1 1 1 1 1 1 1 1 1 2 3 5 8 11 14 19 23 28 32 36 38 40 39 37 34 29 24 19 14 10 7 4 2 1 1 1 1 1 1 1 1 1 1 1 1 1 1 1 1 1 1
0 0 0 0 0 0 0 0 0 0 0 0 0 0 0 0 0 0 0 0 0 0 0 0 0 0 0 0 0 0 0 0 0 0 0 0 0 0 0 0 0 0 0 0 0 0 0 0 0 0 0 0 0 0 0 0 0 0 0 0 0 0 0 0 0 0 0 0 0 0 0 0 0 0 0 0 0 0 0 0 0 0 0 0 0 0 0 0 0 0 0 0 0 0 0 0 0 0 0 0 0 0 0 0 0 0 0 0 0 0 0 0 0 0 0 0 2 1 8 4 6 3 0 0 0 0 5 2 0 0 16 8 0 0 19 9 8 4 0 0 19 9 1 0 4 2 5 2 0 0 0 0 0 0 1 0 0 0 0 0 4 2 3 1 0 0 14 7 1 0 0 0 7 3 1 0 0 0 0 0 0 0 0 0 0 0 0 0 0 0 0 0 2 1 1 0 0 0 0 0 0 0 0 0 0 0 7 3 0 0 0 0 3 1 0 0 0 0 2 1 0 0 0 0 0 0 0 0 0 0 0 0 0 0 0 0 0 0 0 0 0 0 0 0 0 0 0 0 0 0 0 0 0 0 0 0 0 0 1 0 0 0 0 0 0 0 0 0 0 0 4 2 0 0 0 0 0 0 0 0 0 0 0 0 0 0 0 0 0 0 0 0 0 0 0 0 0 0 0 0 0 0 0 0 0 0 0 0 0 0 0 0 0 0 0 0 0 0 0 0 0 0 0 0 0 0 0 0 0 0 0 0 0 0 0 0
0 0 0 0 0 0 0 0 0 0 0 0 0 0 0 0 0 0 0 0 0 0 0 0 0 0 0 0 0 0 0 0 0 0 0 0 0 0 0 0 0 0 0 0 0 0 0 0 0 0 0 0 0 0 0 0 0 0 0 0 0 0 0 0 0 0 0 0 0 0 0 0 0 0 0 0 0 0 0 0 0 0 0 0 0 0 0 0 0 0 0 0 0 0 0 0 0 0 0 0 2 1 0 0 0 0 0 0 0 0 0 0 16 8 0 0 1 0 1 0 0 0 0 0 0 0 0 0 0 0 0 0 0 0 12 6 2 1 17 8 1 0 0 0 1 0 1 0 4 2 4 2 2 1 5 2 1 0 0 0 0 0 0 0 0 0 0 0 5 2 0 0 0 0 2 1 0 0 1 0 3 1 0 0 0 0 8 4 0 0 0 0 0 0 2 1 3 1 0 0 0 0 0 0 10 5 12 6 0 0 0 0 0 0 0 0 1 0 1 0 0 0 0 0 0 0 0 0 0 0 0 0 0 0 0 0 0 0 0 0 0 0 0 0 0 0 0 0 0 0 0 0 0 0 0 0 0 0 0 0 0 0 2 1 0 0 0 0 18 9 0 0 0 0 0 0 0 0 0 0 12 6 0 0 0 0 0 0 0 0 2 1 0 0 0 0 0 0 0 0 0 0 0 0 0 0 0 0 0 0 0 0 0 0 0 0 0 0 0 0 0 0 0 0 0 0 0 0 0 0 0 0 0 0 0 0
0 0 0 0 0 0 0 0 0 0 0 0 0 0 0 0 0 0 0 0 0 0 0 0 0 0 0 0 0 0 0 0 0 0 0 0 0 0 0 0 0 0 0 0 0 0 0 0 0 0 0 0 0 0 0 0 0 0 0 0 0 0 0 0 0 0 0 0 0 0 0 0 0 0 0 0 0 0 0 0 0 0 0 0 0 0 0 0 0 0 0 0 0 0 4 2 0 0 0 0 0 0 2 1 0 0 0 0 0 0 0 0 0 0 0 0 0 0 0 0 0 0 10 5 0 0 0 0 0 0 0 0 0 0 0 0 0 0 0 0 0 0 0 0 5 2 3 1 0 0 0 0 0 0 16 8 5 2 0 0 0 0 2 1 0 0 0 0 11 5 5 2 0 0 4 2 2 1 0 0 1 0 10 5 0 0 0 0 1 0 1 0 2 1 4 2 0 0 6 3 0 0 0 0 0 0 0 0 0 0 0 0 0 0 10 5 0 0 0 0 0 0 0 0 0 0 0 0 0 0 0 0 0 0 0 0 0 0 0 0 0 0 0 0 0 0 0 0 0 0 0 0 0 0 0 0 2 1 0 0 0 0 8 4 0 0 0 0 0 0 0 0 0 0 0 0 20 10 0 0 0 0 0 0 12 6 0 0 0 0 0 0 0 0 0 0 0 0 0 0 0 0 0 0 0 0 0 0 0 0 0 0 0 0 0 0 0 0 0 0 0 0 0 0 0 0 0 0 0 0 0 0 0 0 0 0
0 0 0 0 0 0 0 0 0 0 0 0 0 0 0 0 0 0 0 0 0 0 0 0 0 0 0 0 0 0 0 0 0 0 0 0 0 0 0 0 0 0 0 0 0 0 0 0 0 0 0 0 0 0 0 0 0 0 0 0 0 0 0 0 0 0 0 0 0 0 0 0 0 0 0 0 0 0 0 0 0 0 0 0 0 0 0 0 0 0 0 0 0 0 0 0 0 0 0 0 5 2 0 0 0 0 4 2 0 0 0 0 0 0 0 0 0 0 0 0 18 9 0 0 0 0 0 0 0 0 8 4 0 0 14 7 3 1 0 0 0 0 0 0 16 8 0 0 2 1 0 0 11 5 1 0 4 2 4 2 0 0 2 1 5 2 1 0 8 4 0 0 19 9 2 1 0 0 0 0 0 0 0 0 1 0 1 0 0 0 0 0 0 0 3 1 0 0 0 0 0 0 10 5 0 0 2 1 0 0 0 0 1 0 2 1 15 7 0 0 0 0 0 0 3 1 10 5 0 0 0 0 0 0 0 0 0 0 0 0 0 0 0 0 0 0 0 0 0 0 0 0 0 0 0 0 0 0 0 0 0 0 0 0 0 0 0 0 0 0 0 0 0 0 0 0 0 0 0 0 0 0 0 0 0 0 0 0 0 0 0 0 0 0 0 0 0 0 0 0 0 0 0 0 0 0 0 0 0 0 0 0 0 0 0 0 0 0 0 0 0 0 0 0 0 0 0 0 0 0 0 0 0 0 0 0
0 0 0 0 0 0 0 0 0 0 0 0 0 0 0 0 0 0 0 0 0 0 0 0 0 0 0 0 0 0 0 0 0 0 0 0 0 0 0 0 0 0 0 0 0 0 0 0 0 0 0 0 0 0 0 0 0 0 0 0 0 0 0 0 0 0 0 0 0 0 0 0 0 0 0 0 0 0 0 0 0 0 0 0 0 0 0 0 0 0 0 0 0 0 0 0 0 0 0 0 0 0 0 0 2 1 0 0 0 0 0 0 10 5 0 0 0 0 11 5 0 0 14 7 8 4 10 5 12 6 0 0 3 1 2 1 0 0 12 6 4 2 1 0 14 7 2 1 5 2 0 0 12 6 14 7 0 0 11 5 8 4 0 0 0 0 2 1 8 4 12 6 2 1 0 0 3 1 0 0 8 4 1 0 0 0 0 0 0 0 0 0 0 0 12 6 0 0 4 2 10 5 0 0 0 0 0 0 0 0 1 0 0 0 2 1 0 0 0 0 0 0 0 0 0 0 0 0 0 0 0 0 0 0 0 0 0 0 0 0 0 0 0 0 0 0 0 0 0 0 0 0 0 0 0 0 0 0 0 0 0 0 3 1 0 0 0 0 0 0 0 0 0 0 0 0 14 7 0 0 0 0 19 9 0 0 0 0 0 0 0 0 0 0 0 0 0 0 0 0 0 0 0 0 0 0 0 0 0 0 0 0 0 0 0 0 0 0 0 0 0 0 0 0 0 0 0 0 0 0 0 0 0 0 0 0
0 0 0 0 0 0 0 0 0 0 0 0 0 0 0 0 0 0 0 0 0 0 0 0 0 0 0 0 0 0 0 0 0 0 0 0 0 0 0 0 0 0 0 0 0 0 0 0 0 0 0 0 0 0 0 0 0 0 0 0 0 0 0 0 0 0 0 0 0 0 0 0 0 0 0 0 0 0 0 0 0 0 0 0 0 0 0 0 0 0 0 0 0 0 0 0 0 0 0 0 0 0 1 0 0 0 0 0 0 0 2 1 0 0 0 0 0 0 0 0 0 0 0 0 0 0 0 0 0 0 2 1 1 0 2 1 4 2 2 1 6 3 0 0 2 1 0 0 3 1 0 0 0 0 0 0 0 0 20 10 0 0 12 6 0 0 0 0 2 1 0 0 0 0 0 0 2 1 0 0 0 0 0 0 6 3 1 0 0 0 0 0 1 0 0 0 0 0 0 0 0 0 0 0 0 0 0 0 0 0 0 0 0 0 0 0 0 0 0 0 0 0 0 0 0 0 2 1 0 0 0 0 0 0 0 0 0 0 0 0 0 0 1 0 0 0 0 0 0 0 0 0 0 0 0 0 0 0 0 0 0 0 0 0 0 0 0 0 0 0 0 0 0 0 0 0 0 0 9 4 17 8 0 0 0 0 0 0 0 0 0 0 0 0 4 2 0 0 0 0 0 0 0 0 0 0 0 0 0 0 0 0 0 0 0 0 0 0 0 0 0 0 0 0 0 0 0 0 0 0 0 0 0 0 0 0
0 0 0 0 0 0 0 0 0 0 0 0 0 0 0 0 0 0 0 0 0 0 0 0 0 0 0 0 0 0 0 0 0 0 0 0 0 0 0 0 0 0 0 0 0 0 0 0 0 0 0 0 0 0 0 0 0 0 0 0 0 0 0 0 0 0 0 0 0 0 0 0 0 0 0 0 0 0 0 0 0 0 0 0 0 0 0 0 0 0 0 0 0 0 0 0 0 0 1 0 6 3 0 0 4 2 4 2 4 2 3 1 8 4 0 0 0 0 7 3 0 0 16 8 0 0 20 10 2 1 0 0 0 0 2 1 5 2 2 1 0 0 0 0 4 2 0 0 0 0 0 0 0 0 0 0 0 0 0 0 2 1 15 7 0 0 10 5 19 9 9 4 0 0 0 0 0 0 2 1 11 5 0 0 0 0 0 0 0 0 2 1 2 1 1 0 0 0 0 0 0 0 0 0 8 4 0 0 0 0 0 0 0 0 0 0 0 0 8 4 0 0 0 0 0 0 0 0 0 0 0 0 0 0 0 0 2 1 0 0 0 0 0 0 0 0 0 0 0 0 0 0 0 0 0 0 0 0 0 0 0 0 0 0 0 0 0 0 0 0 20 10 0 0 0 0 0 0 0 0 0 0 0 0 0 0 0 0 0 0 0 0 0 0 0 0 0 0 0 0 0 0 0 0 0 0 0 0 0 0 0 0 0 0 0 0 0 0 0 0 0 0 0 0 0 0 0 0 0 0 0 0 0 0 0 0
0 0 0 0 0 0 0 0 0 0 0 0 0 0 0 0 0 0 0 0 0 0 0 0 0 0 0 0 0 0 0 0 0 0 0 0 0 0 0 0 0 0 0 0 0 0 0 0 0 0 0 0 0 0 0 0 0 0 0 0 0 0 0 0 0 0 0 0 0 0 0 0 0 0 0 0 0 0 0 0 0 0 0 0 0 0 0 0 0 0 0 0 3 1 0 0 0 0 0 0 2 1 2 1 0 0 0 0 0 0 0 0 2 1 0 0 0 0 0 0 0 0 1 0 0 0 0 0 5 2 10 5 0 0 16 8 3 1 0 0 2 1 0 0 8 4 4 2 0 0 0 0 0 0 0 0 0 0 0 0 0 0 10 5 0 0 0 0 0 0 0 0 6 3 0 0 0 0 0 0 8 4 0 0 0 0 0 0 0 0 0 0 3 1 0 0 0 0 0 0 0 0 2 1 0 0 0 0 0 0 0 0 0 0 0 0 0 0 10 5 0 0 0 0 0 0 0 0 6 3 0 0 0 0 0 0 0 0 0 0 0 0 0 0 0 0 0 0 0 0 0 0 0 0 0 0 0 0 0 0 0 0 0 0 0 0 0 0 0 0 0 0 0 0 0 0 0 0 0 0 2 1 0 0 0 0 11 5 0 0 0 0 0 0 0 0 0 0 0 0 0 0 0 0 0 0 0 0 0 0 0 0 0 0 0 0 0 0 0 0 0 0 0 0 0 0 0 0 0 0 0 0 0 0 0 0
0 0 0 0 0 0 0 0 0 0 0 0 0 0 0 0 0 0 0 0 0 0 0 0 0 0 0 0 0 0 0 0 0 0 0 0 0 0 0 0 0 0 0 0 0 0 0 0 0 0 0 0 0 0 0 0 0 0 0 0 0 0 0 0 0 0 0 0 0 0 0 0 0 0 0 0 0 0 0 0 0 0 0 0 0 0 0 0 0 0 0 0 0 0 0 0 0 0 0 0 0 0 0 0 11 5 0 0 0 0 9 4 0 0 0 0 0 0 11 5 3 1 8 4 0 0 4 2 10 5 0 0 0 0 4 2 4 2 11 5 6 3 3 1 1 0 0 0 3 1 8 4 19 9 5 2 0 0 0 0 12 6 0 0 10 5 2 1 1 0 0 0 5 2 0 0 0 0 0 0 0 0 0 0 0 0 0 0 0 0 4 2 0 0 3 1 0 0 0 0 0 0 5 2 0 0 12 6 0 0 0 0 0 0 0 0 0 0 9 4 0 0 0 0 0 0 0 0 0 0 0 0 0 0 0 0 0 0 0 0 0 0 0 0 0 0 0 0 0 0 0 0 0 0 0 0 0 0 0 0 0 0 0 0 0 0 0 0 0 0 0 0 0 0 0 0 0 0 0 0 0 0 0 0 14 7 0 0 0 0 0 0 0 0 0 0 0 0 0 0 0 0 0 0 0 0 0 0 0 0 0 0 0 0 0 0 0 0 0 0 0 0 0 0 0 0 0 0 0 0 0 0 0 0 0 0
0 0 0 0 0 0 0 0 0 0 0 0 0 0 0 0 0 0 0 0 0 0 0 0 0 0 0 0 0 0 0 0 0 0 0 0 0 0 0 0 0 0 0 0 0 0 0 0 0 0 0 0 0 0 0 0 0 0 0 0 0 0 0 0 0 0 0 0 0 0 0 0 0 0 0 0 0 0 0 0 0 0 0 0 0 0 0 0 0 0 0 0 0 0 0 0 0 0 0 0 0 0 0 0 0 0 4 2 0 0 0 0 2 1 8 4 4 2 0 0 3 1 0 0 0 0 0 0 4 2 8 4 0 0 0 0 14 7 2 1 8 4 0 0 2 1 3 1 10 5 0 0 2 1 5 2 12 6 0 0 2 1 9 4 0 0 0 0 0 0 1 0 13 6 7 3 8 4 2 1 13 6 17 8 4 2 0 0 0 0 0 0 2 1 0 0 1 0 5 2 0 0 0 0 0 0 0 0 0 0 0 0 0 0 0 0 0 0 0 0 0 0 0 0 0 0 0 0 0 0 0 0 4 2 0 0 0 0 0 0 0 0 0 0 0 0 0 0 0 0 0 0 0 0 0 0 0 0 0 0 0 0 0 0 0 0 10 5 0 0 0 0 0 0 0 0 0 0 0 0 0 0 0 0 0 0 0 0 0 0 0 0 0 0 0 0 0 0 0 0 0 0 0 0 0 0 0 0 0 0 0 0 0 0 0 0 0 0 0 0 0 0 0 0 0 0 0 0 0 0 0 0 0 0 0 0
18 20 17 17 19 29 26 12 19 12 21 31 14 20 12 10 10 20 14 18 23 13 17 9 18 18 24 24 19 33 17 14 15 20 13 14 25 24 11 24 16 32 12 12 22 26 25 14 23 14 14 17 14 11 20 27 38 29 19 28 23 25 13 28 19 25 20 18 20 14 26 30 27 17 25 17 12 17 10 15 19 17 12 23 20 15 25 7 16 20 34 27 9 17 19 18 29 19 18 25 14 29 25 12 18 23 7 44 18 22 11 29 15 17 30 16 18 27 21 21 35 19 37 27 19 8 13 24 15 14 12 9 16 18 21 20 10 13 22 25 9 29 19 12 17 20 31 24 11 18 14 30 21 24 27 17 26 23 14 16 24 25 13 28 33 27 40 18
16 15 3 20 19 10 25 20 8 13 13 33 24 17 13 25 18 16 29 30 16 10 17 32 17 28 15 18 14 12 18 8 23 15 12 19 24 19 23 18 21 23 38 11 20 19 14 13 36 19 21 18 10 9 20 22 14 13 20 16 42 12 13 35 20 12 26 20 16 18 38 28 22 7 20 13 25 16 24 9 22 16 30 31 10 19 35 12 25 20 27 10 18 18 21 16 23 19 29 19 29 12 13 13 14 19 13 25 15 17 20 12 12 26 12 26 28 14 9 20 22 18 21 27 18 17 18 15 21 16 14 14 7 19 21 28 16 13 23 24 18 11 23 26 35 39 13 21 15 19 14 15 29 16 10 43 24 26 26 31 28 35 11 22 38 27 17 11
15 8 25 17 44 23 29 7 43 13 34 22 31 36 15 14 12 15 11 19 24 21 21 8 20 16 34 22 27 29 19 17 18 9 25 13 25 21 23 32 18 8 15 30 22 23 8 18 26 41 15 9 15 20 21 18 36 16 35 20 25 26 11 16 18 16 15 13 7 12 14 11 30 30 17 17 35 37 22 19 23 10 9 28 20 24 9 15 28 9 23 22 21 31 12 30 18 19 16 27 29 14 22 27 18 11 14 15 26 11 22 13 17 26 15 17 16 21 26 22 12 17 21 32 28 26 20 16 9 18 24 17 17 15 20 21 14 11 41 5 12 15 11 11 14 17 26 16 20 18 13 17 17 15 18 14 23 18 11 10 22 21 21 18 22 21 16 26
20 25 11 22 12 9 36 33 17 11 22 23 9 9 17 13 20 6 13 17 19 7 14 18 7 18 18 11 21 14 21 25 16 11 7 7 28 15 19 16 11 18 15 26 35 28 18 21 14 25 15 8 24 13 17 20 33 14 27 21 23 25 18 17 28 19 12 16 20 13 18 18 22 22 23 11 32 15 11 20 16 27 28 22 12 32 22 13 22 24 13 33 11 16 22 17 30 17 6 14 16 14 20 13 18 10 22 22 11 22 11 14 16 23 10 29 31 19 14 18 16 23 13 21 30 15 31 14 9 19 3 12 14 22 19 18 38 23 19 19 19 12 15 17 20 28 31 21 22 29 26 20 15 35 24 26 13 18 20 17 37 12 22 35 22 16 22 20
19 7 12 17 21 20 8 17 14 21 17 26 18 14 25 22 19 23 17 25 10 15 20 20 9 20 7 14 9 22 8 13 15 14 22 14 25 26 17 8 29 15 18 22 13 16 14 13 15 15 13 12 7 18 13 18 13 22 14 17 13 11 13 12 22 24 18 20 16 25 10 12 17 22 14 24 16 18 11 22 24 23 15 29 16 14 7 13 34 25 15 23 11 15 11 23 26 13 30 11 22 15 7 12 25 23 18 19 19 29 14 21 29 14 14 26 20 30 10 10 21 14 25 12 26 31 18 26 16 16 24 23 15 10 20 16 31 23 13 21 15 18 14 34 25 18 26 9 8 17 26 27 26 31 23 12 21 16 18 18 28 23 14 18 15 14 23 15
21 32 23 14 25 16 24 27 33 23 15 19 18 23 12 13 17 13 15 17 13 15 3 8 26 13 12 18 17 14 23 16 26 18 18 18 19 21 13 13 15 25 45 29 21 9 19 32 19 23 13 32 9 29 16 22 24 17 30 20 39 21 23 15 17 31 13 15 6 28 15 17 19 26 15 24 22 39 36 16 33 18 15 30 10 12 11 20 25 23 14 23 21 19 26 26 12 27 13 36 24 26 11 20 29 17 17 20 11 16 20 22 23 16 7 15 8 21 12 18 17 16 21 16 17 13 21 30 21 9 22 11 23 30 22 17 16 12 16 11 11 17 14 15 32 34 22 19 12 24 23 18 17 20 15 16 24 7 41 24 16 11 31 11 38 14 22 19
21 29 24 18 9 25 10 17 29 18 39 15 14 22 20 18 14 31 33 28 11 30 37 19 27 25 13 28 24 24 14 28 22 16 20 16 12 26 13 31 19 19 15 29 26 15 20 47 16 24 25 25 24 26 14 32 19 27 12 23 13 11 18 34 11 13 10 20 28 15 35 26 15 23 18 8 19 34 18 25 10 27 14 7 41 17 18 22 32 23 15 15 26 17 38 18 18 19 23 16 22 14 9 19 13 14 31 28 19 18 20 15 28 14 11 13 19 16 17 25 19 20 26 21 13 18 12 8 16 20 9 15 21 19 10 19 22 20 25 16 16 7 36 25 21 19 10 23 26 17 26 11 23 15 12 11 11 19 15 19 25 13 15 16 22 11 18 11
18 33 20 28 16 9 20 17 10 20 23 38 26 26 7 33 22 19 7 27 18 10 28 37 17 20 25 22 27 11 38 21 16 19 10 18 16 11 18 14 17 17 22 17 12 13 23 15 23 25 27 18 13 22 9 19 23 27 18 10 14 26 20 9 20 15 27 18 14 24 15 16 33 15 16 19 20 19 23 34 9 25 24 18 32 18 20 16 39 14 27 24 19 27 18 23 34 18 18 19 13 25 16 12 20 5 15 19 17 23 17 24 14 22 22 26 15 23 10 14 16 23 19 30 5 17 14 22 21 27 21 18 13 15 6 19 45 31 19 20 38 15 19 29 19 46 16 18 16 13 21 13 32 16 22 14 21 19 21 16 17 27 10 18 23 12 16 29
19 21 17 19 16 30 19 9 23 19 27 24 14 23 16 21 30 27 18 13 9 29 27 16 13 19 17 20 22 22 31 10 33 12 16 30 7 16 25 15 13 14 12 10 14 12 23 12 10 14 18 29 17 18 21 18 14 18 14 21 18 11 28 20 21 23 12 32 30 15 12 20 21 15 10 16 33 17 23 27 18 17 16 17 23 25 25 10 27 27 18 16 18 11 22 29 18 17 15 35 13 23 8 21 32 7 17 29 12 15 29 13 20 12 18 20 22 14 28 22 27 22 24 10 8 30 18 13 12 22 26 14 11 22 11 30 16 11 17 27 23 18 18 22 17 19 15 18 22 24 28 6 23 13 14 19 16 29 14 20 22 24 16 21 21 23 18 27
19 15 35 23 13 14 12 11 22 16 11 17 24 21 16 22 12 11 40 12 18 14 20 11 26 32 20 19 18 19 16 13 28 34 11 11 23 21 15 23 26 31 5 21 30 27 11 23 19 32 20 40 20 29 22 14 24 18 20 24 18 18 16 26 27 10 17 10 20 20 28 14 13 29 22 12 12 25 15 18 23 21 28 20 17 22 8 26 25 19 18 16 10 10 13 17 31 15 18 26 14 15 29 26 19 25 24 26 10 24 13 14 17 10 8 11 24 23 11 21 14 24 19 23 11 17 24 16 26 17 28 23 12 30 29 19 28 22 35 30 15 20 17 10 19 20 15 11 16 18 23 36 14 16 40 17 23 25 26 25 13 25 17 27 13 18 25 8
16 6 26 13 24 19 24 16 21 21 16 8 19 10 20 23 32 20 23 18 20 21 9 24 25 19 20 17 13 28 11 30 18 21 18 20 20 21 14 14 15 20 27 17 18 23 10 31 15 11 16 4 30 35 18 16 30 20 19 17 19 18 15 15 16 17 16 26 19 33 12 28 13 13 37 31 17 24 22 20 13 32 16 18 11 26 18 12 16 22 22 19 26 26 45 7 17 15 11 12 18 18 19 15 24 15 20 23 15 27 31 11 20 14 18 13 44 30 12 18 23 13 31 16 16 17 10 9 12 27 22 29 30 16 17 18 23 22 40 14 19 46 19 19 19 11 12 14 16 33 35 19 19 31 9 21 20 31 23 29 14 24 27 43 25 16 14 8
19 15 27 3 25 23 21 29 44 11 20 24 18 25 15 12 9 23 24 18 22 36 17 27 24 14 20 18 14 25 16 16 15 12 25 9 12 20 10 25 12 5 23 25 17 26 20 12 30 18 14 31 16 10 21 17 26 17 8 20 16 26 28 11 18 20 24 14 30 27 37 27 21 22 30 20 30 20 16 21 28 8 6 18 22 15 25 17 21 28 39 18 23 28 28 13 33 15 11 11 15 29 27 17 12 14 16 17 12 30 11 13 44 24 26 13 19 23 28 19 16 13 19 34 27 24 12 34 12 19 25 25 19 15 10 16 12 29 22 23 20 10 25 15 31 41 15 28 12 20 14 21 15 43 15 16 15 19 27 14 12 19 17 16 21 26 14 15
10 21 15 13 14 21 18 16 14 17 22 39 23 14 23 14 15 13 21 21 20 24 16 9 13 16 16 13 19 12 21 29 21 9 13 31 9 20 25 28 18 28 15 17 22 26 23 14 23 11 16 24 28 39 31 13 14 24 17 19 15 19 13 20 13 29 16 23 17 14 7 23 16 21 19 15 16 7 17 21 34 19 21 20 15 26 23 15 42 19 22 22 36 29 17 18 12 22 22 22 18 23 32 24 17 23 28 21 23 24 25 14 13 27 24 20 20 11 12 15 24 28 13 17 10 10 12 21 8 30 44 9 36 12 21 29 23 7 16 30 20 8 26 17 18 18 34 22 13 27 28 13 15 35 24 18 10 14 15 8 29 21 24 13 16 25 16 13
20 14 15 25 35 27 36 13 11 19 19 18 19 12 17 38 25 18 26 12 20 25 39 20 5 20 20 31 18 11 11 15 18 8 26 11 10 21 18 32 20 12 9 12 19 21 10 36 28 25 14 18 18 40 16 27 23 17 28 18 24 24 11 28 29 19 21 14 27 16 16 11 26 21 15 13 21 36 19 9 21 17 14 28 12 28 23 13 24 12 20 25 16 17 31 25 23 15 22 17 25 16 24 33 24 12 11 14 23 23 22 16 14 22 28 10 19 10 30 30 31 30 29 22 13 25 9 12 24 16 13 27 34 20 19 19 16 9 15 10 16 15 14 10 15 28 14 30 12 21 13 9 22 9 24 24 21 26 21 21 7 20 13 14 24 7 10 19
38 17 35 31 15 14 21 19 19 24 18 19 27 18 18 13 34 17 17 9 22 15 7 22 26 15 27 20 22 14 12 10 17 23 19 10 30 17 24 19 16 19 17 26 14 18 36 17 26 39 15 25 19 13 16 19 10 23 10 32 13 29 19 21 8 39 19 32 17 27 17 24 34 15 42 15 12 11 25 15 29 19 21 17 18 18 25 30 16 22 23 8 11 17 16 23 32 11 26 16 16 26 28 15 36 7 16 11 23 50 12 27 11 19 11 15 19 19 17 16 15 22 19 12 20 15 19 17 12 14 16 12 22 14 18 18 14 27 27 23 27 14 25 27 19 25 15 10 23 17 16 15 19 11 25 23 17 21 9 17 20 21 18 19 28 11 19 36
12 16 12 15 32 21 17 13 14 23 37 10 32 18 15 12 19 36 26 13 22 19 26 26 21 22 5 5 25 17 22 19 33 24 26 18 11 36 25 28 18 11 27 28 11 19 20 6 29 30 13 20 14 19 30 25 15 32 9 10 18 9 15 24 22 23 9 21 12 24 16 22 23 15 46 13 18 14 14 14 16 14 17 10 20 15 16 27 10 14 24 23 25 30 36 10 40 14 21 14 24 20 21 20 18 15 21 18 27 20 13 24 38 20 14 13 24 11 13 29 15 19 25 26 11 22 24 10 10 26 17 25 22 32 25 23 6 18 14 15 34 28 17 11 7 17 14 14 23 16 16 15 30 28 26 33 24 26 18 15 25 14 22 11 21 16 20 20
0.4375 0.3125 0.5 0.5 0.375 0 0 0.8125 0.375 0.8125 0.25 0 0.6875 0.3125 0.8125 0.9375 0.9375 0.3125 0.6875 0.4375 0.125 0.75 0.5 1 0.4375 0.4375 0.0625 0.0625 0.375 0 0.5 0.6875 0.625 0.3125 0.75 0.6875 0 0.0625 0.875 0.0625 0.5625 0 0.8125 0.8125 0.1875 0 0 0.6875 0.125 0.6875 0.6875 0.5 0.6875 0.875 0.3125 0 0 0 0.375 0 0.125 0 0.75 0 0.375 0 0.3125 0.4375 0.3125 0.6875 0 0 0 0.5 0 0.5 0.8125 0.5 0.9375 0.625 0.375 0.5 0.8125 0.125 0.3125 0.625 0 1 0.5625 0.3125 0 0 1 0.5 0.375 0.4375 0 0.375 0.4375 0 0.6875 0 0 0.8125 0.4375 0.125 1 0 0.4375 0.1875 0.875 0 0.625 0.5 0 0.5625 0.4375 0 0.25 0.25 0 0.375 0 0 0.375 1 0.75 0.0625 0.625 0.6875 0.8125 1 0.5625 0.4375 0.25 0.3125 0.9375 0.75 0.1875 0 1 0 0.375 0.8125 0.5 0.3125 0 0.0625 0.875 0.4375 0.6875 0 0.25 0.0625 0 0.5 0 0.125 0.6875 0.5625 0.0625 0 0.75 0 0 0 0 0.4375
0.5625 0.625 1 0.3125 0.375 0.9375 0 0.3125 1 0.75 0.75 0 0.0625 0.5 0.75 0 0.4375 0.5625 0 0 0.5625 0.9375 0.5 0 0.5 0 0.625 0.4375 0.6875 0.8125 0.4375 1 0.125 0.625 0.8125 0.375 0.0625 0.375 0.125 0.4375 0.25 0.125 0 0.875 0.3125 0.375 0.6875 0.75 0 0.375 0.25 0.4375 0.9375 1 0.3125 0.1875 0.6875 0.75 0.3125 0.5625 0 0.8125 0.75 0 0.3125 0.8125 0 0.3125 0.5625 0.4375 0 0 0.1875 1 0.3125 0.75 0 0.5625 0.0625 1 0.1875 0.5625 0 0 0.9375 0.375 0 0.8125 0 0.3125 0 0.9375 0.4375 0.4375 0.25 0.5625 0.125 0.375 0 0.375 0 0.8125 0.75 0.75 0.6875 0.375 0.75 0 0.625 0.5 0.3125 0.8125 0.8125 0 0.8125 0 0 0.6875 1 0.3125 0.1875 0.4375 0.25 0 0.4375 0.5 0.4375 0.625 0.25 0.5625 0.6875 0.6875 1 0.375 0.25 0 0.5625 0.75 0.125 0.0625 0.4375 0.875 0.125 0 0 0 0.75 0.25 0.625 0.375 0.6875 0.625 0 0.5625 0.9375 0 0.0625 0 0 0 0 0 0.875 0.1875 0 0 0.5 0.875
0.625 1 0 0.5 0 0.125 0 1 0 0.75 0 0.1875 0 0 0.625 0.6875 0.8125 0.625 0.875 0.375 0.0625 0.25 0.25 1 0.3125 0.5625 0 0.1875 0 0 0.375 0.5 0.4375 1 0 0.75 0 0.25 0.125 0 0.4375 1 0.625 0 0.1875 0.125 1 0.4375 0 0 0.625 1 0.625 0.3125 0.25 0.4375 0 0.5625 0 0.3125 0 0 0.875 0.5625 0.4375 0.5625 0.625 0.75 1 0.8125 0.6875 0.875 0 0 0.5 0.5 0 0 0.1875 0.375 0.125 0.9375 1 0 0.3125 0.0625 1 0.625 0 1 0.125 0.1875 0.25 0 0.8125 0 0.4375 0.375 0.5625 0 0 0.6875 0.1875 0 0.4375 0.875 0.6875 0.625 0 0.875 0.1875 0.75 0.5 0 0.625 0.5 0.5625 0.25 0 0.1875 0.8125 0.5 0.25 0 0 0 0.3125 0.5625 1 0.4375 0.0625 0.5 0.5 0.625 0.3125 0.25 0.6875 0.875 0 1 0.8125 0.625 0.875 0.875 0.6875 0.5 0 0.5625 0.3125 0.4375 0.75 0.5 0.5 0.625 0.4375 0.6875 0.125 0.4375 0.875 0.9375 0.1875 0.25 0.25 0.4375 0.1875 0.25 0.5625 0
0.3125 0 0.875 0.1875 0.8125 1 0 0 0.5 0.875 0.1875 0.125 1 1 0.5 0.75 0.3125 1 0.75 0.5 0.375 1 0.6875 0.4375 1 0.4375 0.4375 0.875 0.25 0.6875 0.25 0 0.5625 0.875 1 1 0 0.625 0.375 0.5625 0.875 0.4375 0.625 0 0 0 0.4375 0.25 0.6875 0 0.625 1 0.0625 0.75 0.5 0.3125 0 0.6875 0 0.25 0.125 0 0.4375 0.5 0 0.375 0.8125 0.5625 0.3125 0.75 0.4375 0.4375 0.1875 0.1875 0.125 0.875 0 0.625 0.875 0.3125 0.5625 0 0 0.1875 0.8125 0 0.1875 0.75 0.1875 0.0625 0.75 0 0.875 0.5625 0.1875 0.5 0 0.5 1 0.6875 0.5625 0.6875 0.3125 0.75 0.4375 0.9375 0.1875 0.1875 0.875 0.1875 0.875 0.6875 0.5625 0.125 0.9375 0 0 0.375 0.6875 0.4375 0.5625 0.125 0.75 0.25 0 0.625 0 0.6875 1 0.375 1 0.8125 0.6875 0.1875 0.375 0.4375 0 0.125 0.375 0.375 0.375 0.8125 0.625 0.5 0.3125 0 0 0.25 0.1875 0 0 0.3125 0.625 0 0.0625 0 0.75 0.4375 0.3125 0.5 0 0.8125 0.1875 0 0.1875 0.5625 0.1875 0.3125
0.375 1 0.8125 0.5 0.25 0.3125 1 0.5 0.6875 0.25 0.5 0 0.4375 0.6875 0 0.1875 0.375 0.125 0.5 0 0.9375 0.625 0.3125 0.3125 1 0.3125 1 0.6875 1 0.1875 1 0.75 0.625 0.6875 0.1875 0.6875 0 0 0.5 1 0 0.625 0.4375 0.1875 0.75 0.5625 0.6875 0.75 0.625 0.625 0.75 0.8125 1 0.4375 0.75 0.4375 0.75 0.1875 0.6875 0.5 0.75 0.875 0.75 0.8125 0.1875 0.0625 0.4375 0.3125 0.5625 0 0.9375 0.8125 0.5 0.1875 0.6875 0.0625 0.5625 0.4375 0.875 0.1875 0.0625 0.125 0.625 0 0.5625 0.6875 1 0.75 0 0 0.625 0.125 0.875 0.625 0.875 0.125 0 0.75 0 0.875 0.1875 0.625 1 0.8125 0 0.125 0.4375 0.375 0.375 0 0.6875 0.25 0 0.6875 0.6875 0 0.3125 0 0.9375 0.9375 0.25 0.6875 0 0.8125 0 0 0.4375 0 0.5625 0.5625 0.0625 0.125 0.625 0.9375 0.3125 0.5625 0 0.125 0.75 0.25 0.625 0.4375 0.6875 0 0 0.4375 0 1 1 0.5 0 0 0 0 0.125 0.8125 0.25 0.5625 0.4375 0.4375 0 0.125 0.6875 0.4375 0.625 0.6875 0.125 0.625
0.25 0 0.125 0.6875 0 0.5625 0.0625 0 0 0.125 0.625 0.375 0.4375 0.125 0.8125 0.75 0.5 0.75 0.625 0.5 0.75 0.625 1 1 0 0.75 0.8125 0.4375 0.5 0.6875 0.125 0.5625 0 0.4375 0.4375 0.4375 0.375 0.25 0.75 0.75 0.625 0 0 0 0.25 1 0.375 0 0.375 0.125 0.75 0 1 0 0.5625 0.1875 0.0625 0.5 0 0.3125 0 0.25 0.125 0.625 0.5 0 0.75 0.625 1 0 0.625 0.5 0.375 0 0.625 0.0625 0.1875 0 0 0.5625 0 0.4375 0.625 0 0.9375 0.8125 0.875 0.3125 0 0.125 0.6875 0.125 0.25 0.375 0 0 0.8125 0 0.75 0 0.0625 0 0.875 0.3125 0 0.5 0.5 0.3125 0.875 0.5625 0.3125 0.1875 0.125 0.5625 1 0.625 1 0.25 0.8125 0.4375 0.5 0.5625 0.25 0.5625 0.5 0.75 0.25 0 0.25 1 0.1875 0.875 0.125 0 0.1875 0.5 0.5625 0.8125 0.5625 0.875 0.875 0.5 0.6875 0.625 0 0 0.1875 0.375 0.8125 0.0625 0.125 0.4375 0.5 0.3125 0.625 0.5625 0.0625 1 0 0.0625 0.5625 0.875 0 0.875 0 0.6875 0.1875 0.375
0.25 0 0.0625 0.4375 1 0 0.9375 0.5 0 0.4375 0 0.625 0.6875 0.1875 0.3125 0.4375 0.6875 0 0 0 0.875 0 0 0.375 0 0 0.75 0 0.0625 0.0625 0.6875 0 0.1875 0.5625 0.3125 0.5625 0.8125 0 0.75 0 0.375 0.375 0.625 0 0 0.625 0.3125 0 0.5625 0.0625 0 0 0.0625 0 0.6875 0 0.375 0 0.8125 0.125 0.75 0.875 0.4375 0 0.875 0.75 0.9375 0.3125 0 0.625 0 0 0.625 0.125 0.4375 1 0.375 0 0.4375 0 0.9375 0 0.6875 1 0 0.5 0.4375 0.1875 0 0.125 0.625 0.625 0 0.5 0 0.4375 0.4375 0.375 0.125 0.5625 0.1875 0.6875 1 0.375 0.75 0.6875 0 0 0.375 0.4375 0.3125 0.625 0 0.6875 0.875 0.75 0.375 0.5625 0.5 0 0.375 0.3125 0 0.25 0.75 0.4375 0.8125 1 0.5625 0.3125 1 0.625 0.25 0.375 0.9375 0.375 0.1875 0.3125 0 0.5625 0.5625 1 0 0 0.25 0.375 0.9375 0.125 0 0.5 0 0.875 0.125 0.625 0.8125 0.875 0.875 0.375 0.625 0.375 0 0.75 0.625 0.5625 0.1875 0.875 0.4375 0.875
0.4375 0 0.3125 0 0.5625 1 0.3125 0.5 0.9375 0.3125 0.125 0 0 0 1 0 0.1875 0.375 1 0 0.4375 0.9375 0 0 0.5 0.3125 0 0.1875 0 0.875 0 0.25 0.5625 0.375 0.9375 0.4375 0.5625 0.875 0.4375 0.6875 0.5 0.5 0.1875 0.5 0.8125 0.75 0.125 0.625 0.125 0 0 0.4375 0.75 0.1875 1 0.375 0.125 0 0.4375 0.9375 0.6875 0 0.3125 1 0.3125 0.625 0 0.4375 0.6875 0.0625 0.625 0.5625 0 0.625 0.5625 0.375 0.3125 0.375 0.125 0 1 0 0.0625 0.4375 0 0.4375 0.3125 0.5625 0 0.6875 0 0.0625 0.375 0 0.4375 0.125 0 0.4375 0.4375 0.375 0.75 0 0.5625 0.8125 0.3125 1 0.625 0.375 0.5 0.125 0.5 0.0625 0.6875 0.1875 0.1875 0 0.625 0.125 0.9375 0.6875 0.5625 0.125 0.375 0 1 0.5 0.6875 0.1875 0.25 0 0.25 0.4375 0.75 0.625 1 0.375 0 0 0.375 0.3125 0 0.625 0.375 0 0.375 0 0.5625 0.4375 0.5625 0.75 0.25 0.75 0 0.5625 0.1875 0.6875 0.25 0.375 0.25 0.5625 0.5 0 0.9375 0.4375 0.125 0.8125 0.5625 0
0.375 0.25 0.5 0.375 0.5625 0 0.375 1 0.125 0.375 0 0.0625 0.6875 0.125 0.5625 0.25 0 0 0.4375 0.75 1 0 0 0.5625 0.75 0.375 0.5 0.3125 0.1875 0.1875 0 0.9375 0 0.8125 0.5625 0 1 0.5625 0 0.625 0.75 0.6875 0.8125 0.9375 0.6875 0.8125 0.125 0.8125 0.9375 0.6875 0.4375 0 0.5 0.4375 0.25 0.4375 0.6875 0.4375 0.6875 0.25 0.4375 0.875 0 0.3125 0.25 0.125 0.8125 0 0 0.625 0.8125 0.3125 0.25 0.625 0.9375 0.5625 0 0.5 0.125 0 0.4375 0.5 0.5625 0.5 0.125 0 0 0.9375 0 0 0.4375 0.5625 0.4375 0.875 0.1875 0 0.4375 0.5 0.625 0 0.75 0.125 1 0.25 0 1 0.5 0 0.8125 0.625 0 0.75 0.3125 0.8125 0.4375 0.3125 0.1875 0.6875 0 0.1875 0 0.1875 0.0625 0.9375 1 0 0.4375 0.75 0.8125 0.1875 0 0.6875 0.875 0.1875 0.875 0 0.5625 0.875 0.5 0 0.125 0.4375 0.4375 0.1875 0.5 0.375 0.625 0.4375 0.1875 0.0625 0 1 0.125 0.75 0.6875 0.375 0.5625 0 0.6875 0.3125 0.1875 0.0625 0.5625 0.25 0.25 0.125 0.4375 0
0.375 0.625 0 0.125 0.75 0.6875 0.8125 0.875 0.1875 0.5625 0.875 0.5 0.0625 0.25 0.5625 0.1875 0.8125 0.875 0 0.8125 0.4375 0.6875 0.3125 0.875 0 0 0.3125 0.375 0.4375 0.375 0.5625 0.75 0 0 0.875 0.875 0.125 0.25 0.625 0.125 0 0 1 0.25 0 0 0.875 0.125 0.375 0 0.3125 0 0.3125 0 0.1875 0.6875 0.0625 0.4375 0.3125 0.0625 0.4375 0.4375 0.5625 0 0 0.9375 0.5 0.9375 0.3125 0.3125 0 0.6875 0.75 0 0.1875 0.8125 0.8125 0 0.625 0.4375 0.125 0.25 0 0.3125 0.5 0.1875 1 0 0 0.375 0.4375 0.5625 0.9375 0.9375 0.75 0.5 0 0.625 0.4375 0 0.6875 0.625 0 0 0.375 0 0.0625 0 0.9375 0.0625 0.75 0.6875 0.5 0.9375 1 0.875 0.0625 0.125 0.875 0.25 0.6875 0.0625 0.375 0.125 0.875 0.5 0.0625 0.5625 0 0.5 0 0.125 0.8125 0 0 0.375 0 0.1875 0 0 0.625 0.3125 0.5 0.9375 0.375 0.3125 0.625 0.875 0.5625 0.4375 0.125 0 0.6875 0.5625 0 0.5 0.125 0 0 0 0.75 0 0.5 0 0.75 0.4375 0 1
0.5625 1 0 0.75 0.0625 0.375 0.0625 0.5625 0.25 0.25 0.5625 1 0.375 0.9375 0.3125 0.125 0 0.3125 0.125 0.4375 0.3125 0.25 1 0.0625 0 0.375 0.3125 0.5 0.75 0 0.875 0 0.4375 0.25 0.4375 0.3125 0.3125 0.25 0.6875 0.6875 0.625 0.3125 0 0.5 0.4375 0.125 0.9375 0 0.625 0.875 0.5625 1 0 0 0.4375 0.5625 0 0.3125 0.375 0.5 0.375 0.4375 0.625 0.625 0.5625 0.5 0.5625 0 0.375 0 0.8125 0 0.75 0.75 0 0 0.5 0.0625 0.1875 0.3125 0.75 0 0.5625 0.4375 0.875 0 0.4375 0.8125 0.5625 0.1875 0.1875 0.375 0 0 0 1 0.5 0.625 0.875 0.8125 0.4375 0.4375 0.375 0.625 0.0625 0.625 0.3125 0.125 0.625 0 0 0.875 0.3125 0.6875 0.4375 0.75 0 0 0.8125 0.4375 0.125 0.75 0 0.5625 0.5625 0.5 0.9375 1 0.8125 0 0.1875 0 0 0.5625 0.5 0.4375 0.125 0.1875 0 0.6875 0.375 0 0.375 0.375 0.375 0.875 0.8125 0.6875 0.5625 0 0 0.375 0.375 0 1 0.25 0.3125 0 0.125 0 0.6875 0.0625 0 0 0 0.5625 0.6875 1
0.375 0.625 0 1 0 0.125 0.25 0 0 0.875 0.3125 0.0625 0.4375 0 0.625 0.8125 1 0.125 0.0625 0.4375 0.1875 0 0.5 0 0.0625 0.6875 0.3125 0.4375 0.6875 0 0.5625 0.5625 0.625 0.8125 0 1 0.8125 0.3125 0.9375 0 0.8125 1 0.125 0 0.5 0 0.3125 0.8125 0 0.4375 0.6875 0 0.5625 0.9375 0.25 0.5 0 0.5 1 0.3125 0.5625 0 0 0.875 0.4375 0.3125 0.0625 0.6875 0 0 0 0 0.25 0.1875 0 0.3125 0 0.3125 0.5625 0.25 0 1 1 0.4375 0.1875 0.625 0 0.5 0.25 0 0 0.4375 0.125 0 0 0.75 0 0.625 0.875 0.875 0.625 0 0 0.5 0.8125 0.6875 0.5625 0.5 0.8125 0 0.875 0.75 0 0.0625 0 0.75 0.375 0.125 0 0.375 0.5625 0.75 0.375 0 0 0.0625 0.8125 0 0.8125 0.375 0 0 0.375 0.625 0.9375 0.5625 0.8125 0 0.1875 0.125 0.3125 0.9375 0 0.625 0 0 0.625 0 0.8125 0.3125 0.6875 0.25 0.625 0 0.625 0.5625 0.625 0.375 0 0.6875 0.8125 0.375 0.5 0.5625 0.25 0 0.6875 0.625
0.9375 0.25 0.625 0.75 0.6875 0.25 0.4375 0.5625 0.6875 0.5 0.1875 0 0.125 0.6875 0.125 0.6875 0.625 0.75 0.25 0.25 0.3125 0.0625 0.5625 1 0.75 0.5625 0.5625 0.75 0.375 0.8125 0.25 0 0.25 1 0.75 0 1 0.3125 0 0 0.4375 0 0.625 0.5 0.1875 0 0.125 0.6875 0.125 0.875 0.5625 0.0625 0 0 0 0.75 0.6875 0.0625 0.5 0.375 0.625 0.375 0.75 0.3125 0.75 0 0.5625 0.125 0.5 0.6875 1 0.125 0.5625 0.25 0.375 0.625 0.5625 1 0.5 0.25 0 0.375 0.25 0.3125 0.625 0 0.125 0.625 0 0.375 0.1875 0.1875 0 0 0.5 0.4375 0.8125 0.1875 0.1875 0.1875 0.4375 0.125 0 0.0625 0.5 0.125 0 0.25 0.125 0.0625 0 0.6875 0.75 0 0.0625 0.3125 0.3125 0.875 0.8125 0.625 0.0625 0 0.75 0.5 0.9375 0.9375 0.8125 0.25 1 0 0 1 0 0.8125 0.25 0 0.125 1 0.5625 0 0.3125 1 0 0.5 0.4375 0.4375 0 0.1875 0.75 0 0 0.75 0.625 0 0.0625 0.4375 0.9375 0.6875 0.625 1 0 0.25 0.0625 0.75 0.5625 0 0.5625 0.75
0.3125 0.6875 0.625 0 0 0 0 0.75 0.875 0.375 0.375 0.4375 0.375 0.8125 0.5 0 0 0.4375 0 0.8125 0.3125 0 0 0.3125 1 0.3125 0.3125 0 0.4375 0.875 0.875 0.625 0.4375 1 0 0.875 0.9375 0.25 0.4375 0 0.3125 0.8125 1 0.8125 0.375 0.25 0.9375 0 0 0 0.6875 0.4375 0.4375 0 0.5625 0 0.125 0.5 0 0.4375 0.0625 0.0625 0.875 0 0 0.375 0.25 0.6875 0 0.5625 0.5625 0.875 0 0.25 0.625 0.75 0.25 0 0.375 1 0.25 0.5 0.6875 0 0.8125 0 0.125 0.75 0.0625 0.8125 0.3125 0 0.5625 0.5 0 0 0.125 0.625 0.1875 0.5 0 0.5625 0.0625 0 0.0625 0.8125 0.875 0.6875 0.125 0.125 0.1875 0.5625 0.6875 0.1875 0 0.9375 0.375 0.9375 0 0 0 0 0 0.1875 0.75 0 1 0.8125 0.0625 0.5625 0.75 0 0 0.3125 0.375 0.375 0.5625 1 0.625 0.9375 0.5625 0.625 0.6875 0.9375 0.625 0 0.6875 0 0.8125 0.25 0.75 1 0.1875 1 0.0625 0.0625 0.25 0 0.25 0.25 1 0.3125 0.75 0.6875 0.0625 1 0.9375 0.375
0 0.5 0 0 0.625 0.6875 0.25 0.375 0.375 0.0625 0.4375 0.375 0 0.4375 0.4375 0.75 0 0.5 0.5 1 0.1875 0.625 1 0.1875 0 0.625 0 0.3125 0.1875 0.6875 0.8125 0.9375 0.5 0.125 0.375 0.9375 0 0.5 0.0625 0.375 0.5625 0.375 0.5 0 0.6875 0.4375 0 0.5 0 0 0.625 0 0.375 0.75 0.5625 0.375 0.9375 0.125 0.9375 0 0.75 0 0.375 0.25 1 0 0.375 0 0.5 0 0.5 0.0625 0 0.625 0 0.625 0.8125 0.875 0 0.625 0 0.375 0.25 0.5 0.4375 0.4375 0 0 0.5625 0.1875 0.125 1 0.875 0.5 0.5625 0.125 0 0.875 0 0.5625 0.5625 0 0 0.625 0 1 0.5625 0.875 0.125 0 0.8125 0 0.875 0.375 0.875 0.625 0.375 0.375 0.5 0.5625 0.625 0.1875 0.375 0.8125 0.3125 0.625 0.375 0.5 0.8125 0.6875 0.5625 0.8125 0.1875 0.6875 0.4375 0.4375 0.6875 0 0 0.125 0 0.6875 0 0 0.375 0 0.625 0.9375 0.125 0.5 0.5625 0.625 0.375 0.875 0 0.125 0.5 0.25 1 0.5 0.3125 0.25 0.4375 0.375 0 0.875 0.375 0
0.8125 0.5625 0.8125 0.625 0 0.25 0.5 0.75 0.6875 0.125 0 0.9375 0 0.4375 0.625 0.8125 0.375 0 0 0.75 0.1875 0.375 0 0 0.25 0.1875 1 1 0 0.5 0.1875 0.375 0 0.0625 0 0.4375 0.875 0 0 0 0.4375 0.875 0 0 0.875 0.375 0.3125 1 0 0 0.75 0.3125 0.6875 0.375 0 0 0.625 0 1 0.9375 0.4375 1 0.625 0.0625 0.1875 0.125 1 0.25 0.8125 0.0625 0.5625 0.1875 0.125 0.625 0 0.75 0.4375 0.6875 0.6875 0.6875 0.5625 0.6875 0.5 0.9375 0.3125 0.625 0.5625 0 0.9375 0.6875 0.0625 0.125 0 0 0 0.9375 0 0.6875 0.25 0.6875 0.0625 0.3125 0.25 0.3125 0.4375 0.625 0.25 0.4375 0 0.3125 0.75 0.0625 0 0.3125 0.6875 0.75 0.0625 0.875 0.75 0 0.625 0.375 0 0 0.875 0.1875 0.0625 0.9375 0.9375 0 0.5 0 0.1875 0 0 0.125 1 0.4375 0.6875 0.625 0 0 0.5 0.875 1 0.5 0.6875 0.6875 0.125 0.5625 0.5625 0.625 0 0 0 0 0.0625 0 0.4375 0.625 0 0.6875 0.1875 0.875 0.25 0.5625 0.3125 0.3125
3
1
1
1
1
1
2
2
2
4
2
2
3
3
4
2
